"Sample_number" "Speaker" "Vowel" "Context" "F*1" "F*2" "F*1 gl" "F*2 gl"
"1" 1 "o" NA 488.237 1174.454 NA NA
"2" 1 "e" NA 424.911 1523.522 NA NA
"3" 1 "e" NA 440.76 1391.502 NA NA
"4" 1 "e" NA 472.388 1708.746 NA NA
"5" 1 "e" NA 516.169 1489.957 NA NA
"6" 1 "e" NA 438.913 1550.124 NA NA
"7" 1 "e" NA 310.483 1691.094 NA NA
"8" 1 "e" NA 530.1 1535.953 NA NA
"9" 1 "e" NA 390.512 1844.246 NA NA
"10" 1 "e" NA 268.621 1596.12 NA NA
"11" 1 "e" NA 270.469 1972.785 NA NA
"12" 1 "o" NA 480.775 2250 NA NA
"13" 1 "o" NA 290.014 1428.796 NA NA
"14" 1 "e" NA 399.822 1557.334 NA NA
"15" 1 "e" NA 487.313 1638.883 NA NA
"16" 1 "e" NA 407.285 1806.207 NA NA
"17" 1 "e" NA 444.456 1754.742 NA NA
"18" 1 "e" NA 365.352 1474.045 NA NA
"19" 1 "e" NA 313.255 1535.207 NA NA
"20" 1 "e" NA 428.678 1768.913 NA NA
"21" 1 "e" NA 419.367 1364.9 NA NA
"22" 1 "e" NA 426.83 1372.11 NA NA
"23" 1 "e" NA 386.816 1699.796 NA NA
"24" 1 "e" NA 391.436 1750.515 NA NA
"25" 1 "e" NA 334.648 1541.422 NA NA
"26" 1 "e" NA 471.464 1744.299 NA NA
"27" 1 "o" NA 374.662 1285.34 NA NA
"28" 1 "e" NA 350.498 1529.737 NA NA
"29" 1 "e" NA 497.548 908.675 NA NA
"30" 1 "e" NA 401.67 1870.849 NA NA
"31" 1 "o" NA 464.996 1298.517 NA NA
"32" 1 "e" NA 328.181 1679.409 NA NA
"33" 1 "e" NA 319.794 1864.633 NA NA
"34" 1 "o" NA 429.602 991.964 NA NA
"35" 1 "e" NA 477.079 1691.84 NA NA
"36" 1 "e" NA 267.626 1579.462 NA NA
"37" 1 "e" NA 343.959 1504.129 NA NA
"38" 1 "e" NA 250 1606.811 NA NA
"39" 1 "e" NA 349.574 1642.364 NA NA
"40" 1 "e" NA 437.065 1929.275 NA NA
"41" 1 "e" NA 543.177 1638.883 NA NA
"42" 1 "o" NA 478.927 1429.79 NA NA
"43" 1 "e" NA 449.147 1665.237 NA NA
"44" 1 "e" NA 383.049 1642.364 NA NA
"45" 1 "e" NA 443.532 1924.054 NA NA
"46" 1 "e" NA 476.155 1607.805 NA NA
"47" 1 "e" NA 496.624 1582.943 NA NA
"48" 1 "e" NA 490.085 1317.91 NA NA
"49" 1 "e" NA 455.686 1535.207 NA NA
"50" 1 "e" NA 450.071 1485.482 NA NA
"51" 1 "o" NA 393.284 863.426 NA NA
"52" 1 "e" NA 437.989 1739.824 NA NA
"53" 1 "e" NA 410.057 1504.875 NA NA
"54" 1 "e" NA 410.981 1281.611 NA NA
"55" 1 "e" NA 469.616 1766.427 NA NA
"56" 1 "e" NA 454.762 1664.491 NA NA
"57" 2 "e" NA 377.647 1643.607 NA NA
"58" 2 "e" NA 471.038 1819.632 NA NA
"59" 2 "e" NA 381.699 1698.801 NA NA
"60" 2 "e" NA 389.73 1610.043 NA NA
"61" 2 "e" NA 334.506 1610.043 NA NA
"62" 2 "e" NA 397.761 1695.321 NA NA
"63" 2 "e" NA 442.893 1488.217 NA NA
"64" 2 "e" NA 311.407 1529.986 NA NA
"65" 2 "e" NA 335.501 1892.479 NA NA
"66" 2 "e" NA 379.638 1858.666 NA NA
"67" 2 "e" NA 322.424 1624.96 NA NA
"68" 2 "e" NA 529.247 1655.292 NA NA
"69" 2 "e" NA 356.61 1642.861 NA NA
"70" 2 "e" NA 426.83 1633.165 NA NA
"71" 2 "e" NA 427.825 1841.014 NA NA
"72" 2 "e" NA 333.511 1352.22 NA NA
"73" 2 "e" NA 541.258 1681.895 NA NA
"74" 2 "e" NA 414.819 1562.804 NA NA
"75" 2 "o" NA 373.667 911.659 NA NA
"76" 2 "e" NA 329.46 1661.508 NA NA
"77" 2 "e" NA 480.064 1375.342 NA NA
"78" 2 "e" NA 414.819 1778.858 NA NA
"79" 2 "e" NA 328.465 1625.955 NA NA
"80" 2 "o" NA 453.98 906.189 NA NA
"81" 2 "e" NA 339.481 1449.929 NA NA
"82" 2 "e" NA 307.356 1828.583 NA NA
"83" 2 "e" NA 362.58 1790.295 NA NA
"84" 2 "o" NA 534.293 876.851 NA NA
"85" 2 "e" NA 419.794 1605.567 NA NA
"86" 2 "e" NA 442.893 1712.973 NA NA
"87" 2 "o" NA 456.965 1131.193 NA NA
"88" 2 "e" NA 468.977 1740.57 NA NA
"89" 2 "e" NA 454.975 1722.918 NA NA
"90" 2 "e" NA 354.549 1570.76 NA NA
"91" 2 "o" NA 509.133 1195.09 NA NA
"92" 2 "e" NA 547.299 1564.544 NA NA
"93" 2 "e" NA 506.148 1576.23 NA NA
"94" 2 "e" NA 526.262 1718.443 NA NA
"95" 2 "e" NA 357.605 1552.113 NA NA
"96" 2 "e" NA 340.547 1746.786 NA NA
"97" 2 "e" NA 453.98 1690.845 NA NA
"98" 3 "o" NA 444.527 1181.664 NA NA
"99" 3 "o" NA 511.052 1112.049 NA NA
"100" 3 "o" NA 305.65 1413.381 NA NA
"101" 3 "o" NA 443.532 1193.349 NA NA
"102" 3 "e" NA 473.596 1861.898 NA NA
"103" 3 "e" NA 406.006 1712.227 NA NA
"104" 3 "e" NA 491.365 1886.761 NA NA
"105" 3 "e" NA 350.711 1282.854 NA NA
"106" 3 "o" NA 333.795 1214.482 NA NA
"107" 3 "o" NA 336.638 1331.584 NA NA
"108" 3 "e" NA 318.799 1061.579 NA NA
"109" 3 "e" NA 289.73 1785.82 NA NA
"110" 3 "e" NA 342.253 1775.626 NA NA
"111" 3 "e" NA 364.783 1801.731 NA NA
"112" 3 "e" NA 338.486 1822.119 NA NA
"113" 3 "e" NA 466.063 1804.964 NA NA
"114" 3 "e" NA 436.994 1711.481 NA NA
"115" 3 "e" NA 425.764 1705.763 NA NA
"116" 3 "e" NA 341.329 1571.506 NA NA
"117" 3 "e" NA 527.967 1699.299 NA NA
"118" 3 "e" NA 503.589 1748.526 NA NA
"119" 3 "e" NA 387.313 1673.193 NA NA
"120" 3 "e" NA 276.581 1882.286 NA NA
"121" 3 "o" NA 405.082 1442.222 NA NA
"122" 3 "e" NA 422.921 1838.776 NA NA
"123" 3 "o" NA 347.868 1312.937 NA NA
"124" 3 "e" NA 343.177 1423.575 NA NA
"125" 3 "e" NA 416.382 1855.434 NA NA
"126" 3 "o" NA 407.925 1270.671 NA NA
"127" 3 "o" NA 373.241 1404.431 NA NA
"128" 3 "e" NA 481.059 1874.578 NA NA
"129" 3 "o" NA 397.619 1166.498 NA NA
"130" 3 "o" NA 383.547 1222.19 NA NA
"131" 3 "e" NA 425.764 1630.927 NA NA
"132" 3 "e" NA 526.119 1918.087 NA NA
"133" 3 "e" NA 317.875 1744.051 NA NA
"134" 3 "e" NA 454.833 1833.804 NA NA
"135" 3 "o" NA 512.971 1515.068 NA NA
"136" 3 "e" NA 484.826 1558.578 NA NA
"137" 3 "e" NA 489.517 1506.118 NA NA
"138" 3 "e" NA 391.009 1635.402 NA NA
"139" 3 "o" NA 512.047 1360.176 NA NA
"140" 3 "e" NA 512.971 1628.441 NA NA
"141" 3 "e" NA 481.983 1651.314 NA NA
"142" 3 "e" NA 336.638 1615.015 NA NA
"143" 3 "e" NA 461.372 1806.953 NA NA
"144" 4 "e" NA 383.831 1535.704 NA NA
"145" 4 "e" NA 479.78 1606.562 NA NA
"146" 4 "e" NA 457.321 1531.478 NA NA
"147" 4 "e" NA 479.78 1539.931 NA NA
"148" 4 "o" NA 498.117 1388.768 NA NA
"149" 4 "e" NA 344.03 1418.354 NA NA
"150" 4 "o" NA 382.836 1031.495 NA NA
"151" 4 "e" NA 358.316 1945.187 NA NA
"152" 4 "e" NA 499.183 1758.72 NA NA
"153" 4 "e" NA 373.596 1467.333 NA NA
"154" 4 "e" NA 492.004 1635.402 NA NA
"155" 4 "e" NA 396.055 1755.239 NA NA
"156" 4 "e" NA 351.208 1715.459 NA NA
"157" 4 "e" NA 394.065 1759.465 NA NA
"158" 4 "o" NA 382.836 1225.67 NA NA
"159" 4 "e" NA 363.433 1713.967 NA NA
"160" 4 "o" NA 366.489 1229.897 NA NA
"161" 4 "e" NA 356.254 1712.973 NA NA
"162" 4 "o" NA 449.147 1264.704 NA NA
"163" 4 "o" NA 503.234 1189.371 NA NA
"164" 4 "o" NA 373.596 850 NA NA
"165" 4 "e" NA 371.606 1889.496 NA NA
"166" 4 "e" NA 310.341 1793.278 NA NA
"167" 4 "o" NA 395.06 1946.182 NA NA
"168" 4 "e" NA 328.749 1569.517 NA NA
"169" 4 "e" NA 308.351 1878.556 NA NA
"170" 4 "e" NA 345.025 1928.281 NA NA
"171" 4 "o" NA 425.693 1175.946 NA NA
"172" 4 "e" NA 340.974 1570.263 NA NA
"173" 4 "e" NA 476.724 1892.976 NA NA
"174" 4 "e" NA 378.714 1565.29 NA NA
"175" 4 "e" NA 263.433 1976.514 NA NA
"176" 4 "e" NA 356.254 1666.48 NA NA
"177" 4 "e" NA 443.035 1616.755 NA NA
"178" 4 "o" NA 511.407 1450.426 NA NA
"179" 4 "e" NA 495.06 1640.375 NA NA
"180" 4 "o" NA 527.754 1451.172 NA NA
"181" 4 "e" NA 348.152 1642.861 NA NA
"182" 4 "e" NA 337.918 1818.638 NA NA
"183" 4 "e" NA 359.311 1627.695 NA NA
"184" 4 "o" NA 429.744 1341.529 NA NA
"185" 4 "e" NA 505.295 1580.456 NA NA
"186" 4 "e" NA 443.035 1746.786 NA NA
"187" 4 "e" NA 331.805 1457.139 NA NA
"188" 4 "o" NA 544.03 1204.786 NA NA
"189" 4 "o" NA 385.892 1432.774 NA NA
"190" 4 "e" NA 513.468 1549.13 NA NA
"191" 4 "e" NA 430.81 1741.813 NA NA
"192" 4 "e" NA 536.923 1577.97 NA NA
"193" 4 "o" NA 506.29 1145.614 NA NA
"194" 4 "e" NA 522.637 1507.858 NA NA
"195" 4 "o" NA 465.494 1195.338 NA NA
"196" 4 "e" NA 332.8 1743.305 NA NA
"197" 4 "e" NA 328.749 1795.765 NA NA
"198" 4 "e" NA 330.739 1619.242 NA NA
"199" 4 "e" NA 477.719 1676.674 NA NA
"200" 4 "e" NA 436.923 1795.019 NA NA
"201" 4 "e" NA 429.744 1861.65 NA NA
"202" 5 "e" NA 372.246 1516.311 NA NA
"203" 5 "e" NA 440.263 1723.166 NA NA
"204" 5 "e" NA 395.7 1670.21 NA NA
"205" 5 "e" NA 446.162 1574.738 NA NA
"206" 5 "e" NA 439.126 1548.384 NA NA
"207" 5 "e" NA 358.173 1932.508 NA NA
"208" 5 "e" NA 315.956 1117.022 NA NA
"209" 5 "e" NA 418.017 1405.674 NA NA
"210" 5 "e" NA 493.07 1779.355 NA NA
"211" 5 "e" NA 450.853 1753.747 NA NA
"212" 5 "e" NA 514.179 1695.818 NA NA
"213" 5 "e" NA 416.809 1811.428 NA NA
"214" 5 "e" NA 437.918 1702.282 NA NA
"215" 5 "o" NA 303.021 1007.13 NA NA
"216" 5 "o" NA 387.527 1438.492 NA NA
"217" 5 "o" NA 418.017 1282.108 NA NA
"218" 5 "o" NA 443.817 1201.305 NA NA
"219" 5 "o" NA 391.009 1491.449 NA NA
"220" 5 "o" NA 392.217 1230.146 NA NA
"221" 5 "o" NA 437.918 1172.465 NA NA
"222" 5 "o" NA 419.154 1237.356 NA NA
"223" 5 "e" NA 356.965 1847.478 NA NA
"224" 5 "e" NA 327.683 1860.407 NA NA
"225" 5 "o" NA 470.824 1274.152 NA NA
"226" 5 "e" NA 331.166 1783.333 NA NA
"227" 5 "o" NA 287.74 1440.233 NA NA
"228" 5 "e" NA 361.656 1853.942 NA NA
"229" 5 "o" NA 478.998 1191.609 NA NA
"230" 5 "e" NA 490.725 1567.528 NA NA
"231" 5 "e" NA 457.889 1611.037 NA NA
"232" 5 "e" NA 408.635 1737.587 NA NA
"233" 5 "o" NA 401.599 1518.052 NA NA
"234" 5 "e" NA 428.536 1724.907 NA NA
"235" 5 "e" NA 421.5 1926.043 NA NA
"236" 5 "e" NA 389.872 1497.167 NA NA
"237" 5 "e" NA 373.383 1987.702 NA NA
"238" 5 "o" NA 444.954 1265.45 NA NA
"239" 5 "e" NA 469.616 1501.145 NA NA
"240" 5 "e" NA 436.78 1658.276 NA NA
"241" 5 "e" NA 423.845 1691.094 NA NA
"242" 5 "e" NA 389.872 1705.514 NA NA
"243" 5 "e" NA 448.507 1937.231 NA NA
"244" 5 "e" NA 386.318 1512.334 NA NA
"245" 5 "e" NA 356.965 1783.333 NA NA
"246" 5 "e" NA 364.001 1810.682 NA NA
"247" 5 "e" NA 310.057 1890.739 NA NA
"248" 5 "e" NA 425.053 1521.035 NA NA
"249" 5 "o" NA 358.173 1251.03 NA NA
